103
0 300 300 
1 400 300
1 450 250
1 450 200
1 400 150
1 300 150
1 250 200
1 250 250
1 300 300 
0 313 330
1 390 330
1 470 265
1 470 185
1 390 120
1 313 120
1 230 185
1 230 265
1 313 330
0 470 237
1 485 237
1 485 215
1 470 215
0 470 265 
1 410 360
1 293 360
1 230 265
0 293 360
1 313 330
0 410 360
1 390 330
0 470 185
1 410 95
1 390 120
0 230 185
1 293 95
1 313 120
0 293 95
1 410 95
0 300 95
1 300 75
1 400 75 
1 400 95
0 305 75 
1 305 60
1 395 60
1 395 75
0 310 60
1 310 50 
1 390 50 
1 390 60
0 315 50 
1 315 45 
1 385 45 
1 385 50
0 300 360 
1 300 380
1 400 380 
1 400 360
0 305 380 
1 305 395
1 395 395
1 395 380
0 310 395
1 310 405
1 390 405
1 390 395
0 315 405
1 315 410
1 385 410
1 385 405
0 340 225
1 350 295
1 360 225
1 410 220
1 360 215
1 340 215 
1 340 225
0 260 225
1 270 225
0 350 155
1 350 165
0 395 155
1 390 165
0 428 180
1 420 185
0 440 225
1 430 225
0 428 270
1 420 265
0 395 295
1 390 285
0 350 305
1 350 295
0 305 295
1 310 285
0 272 270
1 280 265
0 260 225
1 270 225
0 272 180
1 280 185
0 305 155
1 310 165







